3,2
3,1
3,3
10,65
10,75
10,229
10,35
10,265
10,163
10,285
10,231
10,2
10,3
11,19
11,14
11,4
11,26
11,8
11,6
11,2
11,3
9,7
9,5
9,2
9,3
8,10
8,8
8,15
8,13
8,2
8,3
12,2
12,1
12,3
19,2
19,1
19,3
18,1
18,3
14,3
13,1
13,3
2,2
2,1
2,3
90,3
90,2
90,1
90,0
89,3
89,2
89,1
89,0
88,3
88,2
88,1
88,0
87,3
87,2
87,1
87,0
86,4
86,3
86,2
86,1
86,0
85,3
85,2
85,1
85,0
84,3
84,2
84,1
84,0
83,3
83,2
83,1
83,0
82,3
82,2
82,1
82,0
81,3
81,2
81,1
81,0
80,3
80,2
80,1
80,0
79,3
79,2
79,1
79,0
78,3
78,2
78,1
78,0
77,3
77,2
77,1
77,0
76,3
